# This file may be used to create an environment using:
# $ conda create --name <env> --file <this file>
# platform: win-64
attrs=23.2.0=pypi_0
bzip2=1.0.8=hcfcfb64_5
ca-certificates=2024.2.2=h56e8100_0
certifi=2024.2.2=pypi_0
cffi=1.16.0=pypi_0
exceptiongroup=1.2.0=pypi_0
h11=0.14.0=pypi_0
idna=3.6=pypi_0
libffi=3.4.4=hd77b12b_0
libsqlite=3.44.2=hcfcfb64_0
libzlib=1.2.13=hcfcfb64_5
numpy=1.26.3=pypi_0
opencv-python=4.9.0.80=pypi_0
openssl=3.2.1=hcfcfb64_0
outcome=1.3.0.post0=pypi_0
packaging=23.2=pypi_0
pillow=10.2.0=pypi_0
pip=23.3.2=pyhd8ed1ab_0
pycparser=2.21=pypi_0
pysocks=1.7.1=pypi_0
pytesseract=0.3.10=pypi_0
python=3.10.13=h4de0772_1_cpython
selenium=4.17.2=pypi_0
setuptools=69.0.3=pyhd8ed1ab_0
sniffio=1.3.0=pypi_0
sortedcontainers=2.4.0=pypi_0
tk=8.6.13=h5226925_1
trio=0.24.0=pypi_0
trio-websocket=0.11.1=pypi_0
typing-extensions=4.9.0=pypi_0
tzdata=2024a=h0c530f3_0
ucrt=10.0.22621.0=h57928b3_0
urllib3=2.2.0=pypi_0
vc=14.3=hcf57466_18
vc14_runtime=14.38.33130=h82b7239_18
vs2015_runtime=14.38.33130=hcb4865c_18
wheel=0.42.0=pyhd8ed1ab_0
wsproto=1.2.0=pypi_0
xz=5.4.5=h8cc25b3_0
